24112
78354
49365
1910
48562
82354
47118
66294
4587
46630
59383
10908
37925
64398
67912
95074
45578
90662
65919
94605
27601
83985
54315
5995
29429
34391
57752
19384
47947
45821
41529
79152
3490
36992
78468
48017
12103
48050
36102
65557
27664
92046
28787
45344
61799
70059
6812
86190
31086
76724
35162
82505
25624
58910
48252
6343
40825
54493
53778
99462
65148
30443
98784
57526
70515
59848
4096
10611
9269
26036
19467
4211
81781
18616
51096
63220
2206
91058
65635
77664
56380
82310
80337
83474
15496
66022
7733
24146
41918
80080
34989
69895
99414
6451
83082
39734
59056
16755
8978
18886
74185
72484
85185
89040
83086
70509
15380
92185
86394
54224
22243
30088
37766
68654
74203
60984
80971
23852
1491
92611
64311
45074
88701
86473
64161
30522
21026
82041
53426
7833
4367
21591
57841
79049
75744
6457
53272
70450
69725
43732
70607
58410
9036
48747
91258
25377
43093
53188
35997
11069
66883
31262
72546
63178
14423
97076
93251
59142
35994
45220
43164
65939
36387
3534
10994
28432
72616
42129
30614
28414
83835
35942
79245
36317
53675
9493
99868
85430
85763
1926
20123
34546
6867
78067
87639
49065
98952
76926
92658
22928
1360
32924
2823
84105
17387
27090
92085
74945
5735
25608
6002
75319
36625
41245
69021
41303
44805
9629
5886
65036
17238
6730
18909
22428
11969
46569
35612
64568
16474
88848
17129
25936
18721
55071
96755
67978
82280
98699
148
50082
87964
99959
83975
21715
28825
59168
18125
59206
22776
43781
28171
28627
37658
3826
9338
42199
7260
8015
21033
89876
53658
68513
71838
69988
21112
16220
8893
13263
69897
60373
32718
93081
74572
16391
68762
41476
20570
14095
40385
45157
95369
4785
4430
78790
26129
70139
30223
43743
24325
98481
25547
19724
59757
34703
39050
3980
1238
28951
97543
8164
29330
6200
68740
6494
47706
53884
75310
80493
94005
78015
24420
85397
78516
9559
58509
71209
59571
52296
77623
27419
98239
51008
31413
84580
21705
24555
29784
98200
64688
52242
75160
60827
51286
23848
76484
36749
25862
63817
65323
90363
40878
18281
97809
84092
62021
49987
92674
54600
56560
20630
25245
37119
89537
52721
70040
96843
64215
53824
60469
43647
8165
54850
13142
51779
24427
61068
46452
79720
98359
39600
8298
87083
75138
70361
16246
75153
287
68794
4897
35661
46184
48187
69861
78340
31190
26970
95521
22030
74872
2131
54602
76348
22703
3688
71608
11369
16724
17197
49287
11294
84809
11299
67556
34738
70534
35591
77702
59049
28038
60428
31143
69006
61882
14723
1715
61249
573
40448
83166
74969
54238
23216
69416
26668
21893
77208
54189
22212
81800
59666
18686
42934
19595
65269
11283
54196
23213
3932
61583
64624
1037
96935
12653
72110
60300
35716
99935
68747
16442
35327
53042
40990
90944
80198
47534
93635
95104
3773
87809
46632
90281
65499
59310
2247
61339
88779
48560
56798
39317
1723
92892
35915
61814
78842
88230
65251
65130
16364
52941
49540
60903
86382
18504
22116
61792
5824
93630
44250
85706
25044
27471
79095
86143
87818
79690
38552
27376
39645
90401
3047
47580
64431
31392
43969
30387
11036
11526
36450
35967
30592
3855
36200
26389
83125
59733
8255
56847
87724
76090
37806
94295
84350
86044
23660
68058
47352
50144
53443
53228
40856
35785
86304
36925
34413
85758
23654
19982
3639
93322
31412
62149
25053
20914
88236
87628
36928
22268
73392
29541
78664
53673
75204
6910
40075
89047
96415
95742
48932
85679
56360
77073
202
82698
41476
19065
83660
52745
35482
77759
97888
68820
68468
81607
48137
92878
60158
98618
13159
40546
96780
71767
31804
27169
73270
48261
4034
54433
52921
21305
23003
53911
45150
49222
54906
64158
78707
16097
61560
81346
52422
50535
17018
89922
78519
24716
3968
49441
94545
14600
88304
86432
9130
13976
60945
16063
64070
59952
4849
97376
40650
45596
92124
7964
11639
66590
41251
9261
42075
73103
67646
61950
71718
75504
42137
42519
69971
83136
31415
6639
40109
39032
32099
42755
63803
50278
25790
60189
19229
3698
76332
60054
76431
99551
62472
44389
72193
32167
89211
29208
93275
95743
49351
40504
51702
95959
13104
88775
18683
3668
8090
37264
94763
95555
14661
1848
33005
88535
42194
46397
99243
89553
70861
66438
48888
50544
40345
86072
23288
39495
42075
28343
20316
12857
24764
57672
73616
2020
54411
34411
82905
7093
79355
66272
73689
24975
38612
89078
28972
25464
17417
60207
27800
29130
97762
2074
45881
33728
73672
90140
22078
82133
1082
40190
71211
64063
30383
12999
28423
96350
26062
20994
43221
32025
12326
91191
2400
7229
96212
11382
50165
46731
10381
62474
91094
13826
86684
18866
6953
8391
18507
80876
91954
88138
95045
88485
12670
12349
93867
54063
28626
84883
99448
43216
67487
3760
74877
27536
34810
8359
51487
30803
52465
52049
16924
91045
62142
18041
75983
64869
762
39296
30540
7628
53118
79534
74985
73212
13787
81678
31793
90646
45085
92543
58231
91185
779
28118
39640
79215
96302
52488
47356
63028
45355
5277
80048
87421
50101
27405
26094
39064
27532
3033
81602
27718
78148
56783
33753
81641
54737
19579
72406
33884
68831
3970
24218
17707
80326
10295
13016
33941
51787
18787
37764
916
13121
9517
25181
48417
74581
91996
57917
71152
46487
19366
1161
14353
72560
8260
50665
24358
60463
84751
3378
60434
97887
29239
8244
30571
75459
98709
89171
83642
98779
63454
44804
63041
61038
7211
20426
2820
64968
4568
16192
26334
28297
7580
42835
89534
80380
44726
61128
96305
59370
59654
44557
1629
49077
94585
86047
9837
52548
53848
29047
69871
85458
66679
40854
67221
86562
5239
61816
13052
84733
3768
57876
35098
32519
67828
75889
81968
14705
58799
51272
62814
67014
88113
45724
57645
94850
58125
99152
50117
64944
42120
64361
54217
53732
4625
55700
29058
75524
25018
83568
1830
80754
2364
65529
48003
10034
87481
1744
9977
13276
9427
77572
70638
94796
37911
9346
36654
25092
50581
80746
27864
67922
54695
26612
13713
7311
46396
8667
85470
23319
77599
93337
3822
57631
40463
85684
15467
30495
72473
95477
89410
19038
31360
11485
83992
83653
88389
38329
18988
33944
41002
6556
93656
58620
51358
1081
61248
4770
76008
65750
43225
81097
63761
32470
42314
76998
63736
92234
92547
34762
3651
72326
66548
85709
69627
9074
